1525488088,48.49,-123.312,500
